
0011 1011 0100 0000
0001 0101 0100 0100
1000 0100 1000 0100
0001 0111 0100 0001
1000 0110 1100 1000
0001 0110 1100 0001
1000 0110 1100 0100
0001 1101 0100 1111
1000 0110 1100 1000
1000 1111 1100 0100
0011 1001 0000 0000
0001 0001 0100 0001
1000 0000 0000 0100
0011 0100 0101 ?


0011 1001 0000 0000
0000 0011 0010 1101
1011 1001 0110 0100


1010 0000 0110 0100
0010 0010 0100 0001
0110 0001 0000 0000
0011 1011 0100 0000
0001 1011 0100 0001
1000 1011 0100 1000
0000 1001 0110 1101
0011 1001 0000 0000
1011 1011 0011 1000


1010 0000 0101 0000


1001 0100 1000 0011
0000 0110 1001 1011
0011 1011 0100 0000
0001 1011 0100 1111
1000 1011 0100 0100
0001 1011 0100 1111
1000 1011 0100 1000
0111 0001 0100 0000
1010 0000 0110 0010


1000 0110 1100 0010
0000 1111 1011 1100
0011 1011 0100 0000
0001 1011 0100 1111
1000 1011 0100 0100
0001 1011 0100 1111
0111 0001 0100 0000
1010 0000 0110 0010


0001 0000 0000 0010
